0: [0 0 1][0 0 1][0 0 0][0 0 0][0 0 0][0 0 0][1 1 0][1 1 0][0 0 0][0 0 0][0 1 0][0 1 0][1 2 0][2 3 0][1 1 0][1 1 0][1 1 1][1 1 1][1 0 2][0 0 1][0 0 0][0 0 0][0 0 0][0 0 0][0 0 0][0 0 0][0 0 0][0 0 0][0 0 1][0 0 1][0 0 1][0 0 1][0 0 0][0 0 0][0 0 0][0 0 0][0 0 0][0 0 0][0 0 0][0 0 0]
1: [0 0 1][0 0 1][0 0 0][0 0 0][0 0 0][0 0 0][0 0 0][0 0 0][0 0 0][0 0 0][0 1 0][1 2 0][3 4 0][3 4 0][5 5 3][5 5 3][5 5 5][4 4 4][3 2 4][1 0 2][0 0 0][0 0 0][0 0 0][0 0 0][0 0 0][0 0 0][0 0 0][0 0 0][0 0 1][0 0 1][0 0 1][0 0 1][0 0 0][0 0 0][0 0 0][0 0 0][0 0 0][0 0 0][0 0 0][0 0 0]
2: [0 0 1][0 0 1][0 0 0][0 0 0][0 0 0][0 0 0][0 0 0][0 0 0][0 1 0][1 2 0][5 3 0][7 5 1][10  9  3][11 10  4][16 13  7][16 13  7][15 12  6][14 11  5][12  8  4][8 4 0][6 2 0][5 1 0][4 1 0][4 1 0][4 1 0][4 1 0][4 1 0][4 1 0][4 0 0][4 0 0][0 0 0][0 0 0][0 0 0][0 0 0][0 0 0][0 0 0][0 0 0][0 0 0][0 0 0][0 0 0]
3: [0 0 1][0 0 1][0 0 0][0 0 0][0 0 0][0 0 0][0 0 0][1 1 0][2 3 0][4 5 0][10  8  4][14 12  8][17 16 10][19 18 12][26 23 17][24 21 15][23 20 14][21 18 12][17 13  9][14 10  6][10  6  2][8 4 0][6 3 0][6 3 0][6 3 0][5 2 0][5 2 0][5 2 0][5 1 0][5 1 0][1 1 1][1 1 1][0 0 0][0 0 0][0 0 0][0 0 0][1 1 1][1 1 1][0 0 0][0 0 0]
4: [0 0 0][0 0 0][0 0 0][0 0 0][2 0 0][2 0 0][0 0 0][3 1 0][5 4 0][10  9  3][14 14  5][19 19 10][26 24 15][28 26 17][37 32 24][37 32 24][35 31 21][31 27 17][28 24 14][24 20 10][21 17  7][18 14  4][14  9  1][14  9  1][12  7  0][12  7  0][11  6  0][10  5  0][10  6  0][9 5 0][3 3 1][2 2 0][1 1 0][0 0 0][0 0 0][0 0 0][1 1 1][1 1 1][0 0 0][0 0 0]
5: [0 0 0][0 0 0][0 0 0][0 0 0][2 0 0][2 0 0][0 0 0][3 1 0][6 5 0][12 11  5][19 19 10][25 25 16][33 31 22][36 34 25][47 42 34][46 41 33][45 41 31][42 38 28][38 34 24][35 31 21][31 27 17][29 25 15][23 18 10][23 18 10][22 17  9][21 16  8][18 13  5][17 12  4][16 12  2][15 11  1][6 6 4][4 4 2][3 3 1][1 1 0][0 0 0][0 0 0][1 1 1][1 1 1][0 0 0][0 0 0]
6: [0 0 0][0 0 0][2 0 0][2 0 0][2 1 0][2 1 0][5 3 0][7 5 0][12 11  0][19 18  7][29 25 13][36 32 20][43 40 25][46 43 28][57 52 44][56 51 43][54 50 38][52 48 36][49 45 33][45 41 29][43 39 27][40 36 24][35 31 21][33 29 19][32 27 19][30 25 17][28 24 14][25 21 11][23 19  7][23 19  7][ 9 11  4][6 8 1][4 5 0][1 2 0][0 0 0][0 0 0][0 0 0][0 0 0][0 0 0][0 0 0]
7: [0 0 0][0 0 0][2 0 0][2 0 0][2 1 0][2 1 0][8 6 0][12 10  1][16 15  4][23 22 11][35 31 19][43 39 27][49 46 31][53 50 35][63 58 50][61 56 48][60 56 44][58 54 42][56 52 40][53 49 37][50 46 34][49 45 33][43 39 29][42 38 28][39 34 26][37 32 24][33 29 19][31 27 17][29 25 13][28 24 12][10 12  5][ 8 10  3][4 5 0][2 3 0][0 0 0][0 0 0][0 0 0][0 0 0][0 0 0][0 0 0]
8: [2 0 0][2 0 0][0 0 0][3 1 0][8 6 0][12 10  1][11  7  0][19 15  3][29 26 11][35 32 17][44 40 23][55 51 34][67 64 44][73 70 50][84 73 62][84 73 62][84 74 60][83 73 59][80 71 55][77 68 52][72 63 47][70 61 45][63 52 41][63 52 41][62 51 40][58 47 36][51 41 27][46 36 22][43 34 18][41 32 16][24 27 17][17 20 10][ 8 10  3][2 4 0][0 0 0][0 0 0][0 0 0][0 0 0][0 0 0][0 0 0]
9: [2 0 0][2 0 0][3 1 0][5 3 0][10  8  0][14 12  3][19 15  3][25 21  9][33 30 15][42 39 24][52 48 31][61 57 40][73 70 50][81 78 58][91 80 69][93 82 71][95 85 71][95 85 71][94 85 69][91 82 66][84 75 59][79 70 54][71 60 49][72 61 50][72 61 50][66 55 44][58 48 34][53 43 29][50 41 25][45 36 20][26 29 19][19 22 12][10 12  5][3 5 0][0 1 0][0 1 0][0 0 0][0 0 0][0 0 0][0 0 0]
10: [3 1 0][4 2 0][7 4 0][10  7  1][17 13  3][22 18  8][32 27 12][37 32 17][48 43 23][58 53 33][64 60 38][72 68 46][84 80 56][96 92 68][111  96  78][113  98  80][115 101  81][115 101  81][114 100  80][111  97  77][105  91  71][98 84 64][90 75 57][92 77 59][92 77 59][84 69 51][73 58 40][69 54 36][64 50 30][57 43 23][30 34 20][22 26 12][12 15  5][5 8 0][2 3 0][1 2 0][0 0 0][0 0 0][0 0 1][0 0 1]
11: [4 2 0][6 4 0][12  9  3][16 13  7][24 20 10][29 25 15][39 34 19][47 42 27][60 55 35][68 63 43][74 70 48][83 79 57][96 92 68][108 104  80][125 110  92][129 114  96][132 118  98][130 116  96][128 114  94][128 114  94][122 108  88][115 101  81][106  91  73][104  89  71][104  89  71][96 81 63][84 69 51][77 62 44][71 57 37][63 49 29][34 38 24][26 30 16][16 19  9][ 8 11  1][3 4 0][2 3 0][0 0 0][0 0 0][0 0 1][0 0 1]
12: [8 4 0][12  8  4][16 14  5][23 21 12][32 28 16][37 33 21][47 43 26][55 51 34][68 64 42][76 72 50][86 80 54][99 93 67][112 107  79][120 115  87][130 121 100][143 134 113][156 147 126][159 150 129][159 150 129][158 149 128][150 141 120][140 131 110][123 114  93][114 105  84][108  99  78][103  94  73][90 81 60][80 71 50][72 63 42][64 55 34][39 44 27][31 36 19][20 24 12][11 15  3][5 7 0][3 5 0][1 1 0][0 0 0][0 0 1][0 0 1]
13: [10  6  2][15 11  7][21 19 10][29 27 18][39 35 23][45 41 29][56 52 35][65 61 44][76 72 50][85 81 59][99 93 67][114 108  82][127 122  94][131 126  98][146 137 116][171 162 141][196 187 166][207 198 177][209 200 179][207 198 177][196 187 166][184 175 154][151 142 121][132 123 102][121 112  91][115 106  85][102  93  72][90 81 60][80 71 50][69 60 39][44 49 32][36 41 24][24 28 16][13 17  5][ 8 10  3][4 6 0][2 2 0][0 0 0][0 0 1][0 0 1]
14: [12  9  3][19 16 10][28 23 15][37 32 24][48 42 30][54 48 36][68 63 43][76 71 51][88 81 58][100  93  70][114 107  79][128 121  93][142 135 107][150 143 115][171 174 151][199 202 179][227 229 208][238 240 219][239 240 222][238 239 221][229 230 212][219 220 202][170 173 150][146 149 126][127 130 107][115 118  95][102 104  83][92 94 73][80 81 63][64 65 47][47 53 34][39 45 26][26 30 16][16 20  6][ 9 11  4][5 7 0][2 2 0][0 0 0][0 0 1][0 0 1]
15: [14 11  5][20 17 11][30 25 17][40 35 27][52 46 34][58 52 40][72 67 47][82 77 57][98 91 68][110 103  80][122 115  87][132 125  97][150 143 115][164 157 129][205 208 185][231 234 211][252 254 233][255 255 237][255 255 238][255 255 240][255 255 238][249 250 232][190 193 170][162 165 142][139 142 119][123 126 103][111 113  92][101 103  82][87 88 70][66 67 49][50 56 37][40 46 27][27 31 17][17 21  7][10 12  5][5 7 0][2 2 0][0 0 0][0 0 1][0 0 1]
16: [15 11  7][23 19 15][33 29 19][44 40 30][58 54 37][65 61 44][77 70 47][90 83 60][108 100  74][123 115  89][132 125  97][143 136 108][174 164 137][208 198 171][247 246 235][253 252 241][255 255 250][255 255 252][255 255 252][253 254 249][253 255 248][255 255 250][237 238 227][199 200 189][165 164 144][137 136 116][128 125  98][118 115  88][101  96  68][90 85 57][73 67 41][63 57 31][47 43 19][37 33  9][25 23  6][17 15  0][8 7 0][5 4 0][0 0 0][0 0 0]
17: [15 11  7][22 18 14][33 29 19][44 40 30][58 54 37][65 61 44][84 77 54][95 88 65][111 103  77][125 117  91][137 130 102][150 143 115][183 173 146][219 209 182][249 248 237][254 253 242][255 255 250][255 255 251][255 255 251][253 254 249][253 255 248][255 255 250][250 251 240][218 219 208][179 178 158][148 147 127][136 133 106][122 119  92][106 101  73][91 86 58][74 68 42][64 58 32][49 45 21][39 35 11][26 24  7][18 16  0][9 8 0][6 5 0][0 0 0][0 0 0]
18: [14 11  5][21 18 12][32 28 16][43 39 27][56 53 33][65 62 42][84 77 56][97 90 69][114 105  82][130 121  98][144 135 112][160 151 128][197 185 163][236 224 202][253 250 244][255 252 246][255 255 251][255 255 251][253 253 253][252 252 252][255 252 251][255 254 253][255 255 250][240 238 229][196 192 175][160 156 139][145 138 115][129 122  99][117 107  80][98 88 61][79 71 45][68 60 34][53 46 25][44 37 16][32 28 11][24 20  3][12 11  0][8 7 0][0 0 0][0 0 0]
19: [13 10  4][20 17 11][31 27 15][42 38 26][56 53 33][65 62 42][86 79 58][99 92 71][118 109  86][135 126 103][150 141 118][167 158 135][204 192 170][243 231 209][255 253 247][255 254 248][255 255 251][255 253 249][252 252 252][252 252 252][255 252 251][255 254 253][255 255 249][249 247 238][205 201 184][165 161 144][147 140 117][129 122  99][120 110  83][103  93  66][80 72 46][71 63 37][56 49 28][48 41 20][35 31 14][26 22  5][14 13  2][10  9  0][2 1 0][2 1 0]
20: [13 11  2][19 17  8][30 26 14][42 38 26][55 52 32][65 62 42][84 77 56][98 91 70][117 108  85][136 127 104][153 144 121][173 164 141][212 200 180][252 240 220][255 254 253][255 254 253][255 254 255][255 252 253][254 250 253][254 250 253][255 252 251][255 254 253][255 254 246][255 250 242][215 206 190][172 163 147][149 137 115][132 120  98][127 112  87][111  96  71][84 72 50][75 63 41][61 52 31][52 43 22][40 33 18][30 23  8][18 14  4][15 11  1][4 1 0][4 1 0]
21: [12 10  1][17 15  6][29 25 13][40 36 24][55 52 32][65 62 42][88 81 60][101  94  73][118 109  86][136 127 104][152 143 120][172 163 140][211 199 179][251 239 219][255 254 253][255 254 253][255 254 255][255 252 253][255 251 254][255 251 254][255 252 251][255 254 253][255 255 249][254 249 241][218 209 193][172 163 147][147 135 113][131 119  97][127 112  87][115 100  75][85 73 51][76 64 42][62 53 32][54 45 24][42 35 20][33 26 11][19 15  5][16 12  2][5 2 0][5 2 0]
22: [10  8  0][17 15  6][28 24 12][39 35 23][55 52 32][63 60 40][85 78 57][98 91 70][116 107  84][133 124 101][150 141 118][170 161 138][208 196 174][247 235 213][253 253 251][253 253 251][253 253 251][255 255 253][255 254 255][255 254 255][255 255 251][255 255 251][255 255 248][247 241 231][215 205 186][170 160 141][144 131 106][132 119  94][123 109  82][114 100  73][87 73 53][78 64 44][66 53 35][57 44 26][45 35 21][36 26 12][23 16  8][18 11  3][5 1 0][5 1 0]
23: [10  8  0][16 14  5][28 24 12][39 35 23][55 52 32][63 60 40][81 74 53][94 87 66][115 106  83][132 123 100][147 138 115][165 156 133][201 189 167][239 227 205][253 253 251][253 253 251][253 253 251][255 255 253][255 255 255][255 255 255][255 255 251][255 255 251][255 254 244][237 231 221][207 197 178][163 153 134][140 127 102][130 117  92][121 107  80][111  97  70][87 73 53][79 65 45][66 53 35][57 44 26][45 35 21][36 26 12][23 16  8][18 11  3][5 1 0][5 1 0]
24: [7 4 0][12  9  3][22 18  8][35 31 21][49 45 28][58 54 37][72 65 42][90 83 60][110 102  76][124 116  90][138 130 104][158 150 124][182 171 146][201 190 165][232 236 224][248 252 240][255 255 250][253 255 246][252 252 243][255 255 246][255 255 248][255 255 245][246 240 223][219 213 196][185 176 153][152 143 120][139 127 100][128 116  89][115 101  74][99 85 58][83 68 50][76 61 43][64 50 35][54 40 25][42 31 20][34 23 12][21 14  6][16  9  1][4 0 0][4 0 0]
25: [7 4 0][12  9  3][22 18  8][33 29 19][48 44 27][56 52 35][73 66 43][86 79 56][104  96  70][121 113  87][135 127 101][146 138 112][169 158 133][189 178 153][215 219 207][235 239 227][252 255 245][255 255 250][255 255 249][255 255 250][255 255 247][255 252 242][233 227 210][203 197 180][172 163 140][147 138 115][135 123  96][121 109  82][108  94  67][94 80 53][79 64 46][73 58 40][61 47 32][52 38 23][39 28 17][31 20  9][20 13  5][16  9  1][4 0 0][4 0 0]
26: [7 3 0][12  8  4][21 17  7][32 28 18][46 42 25][53 49 32][69 62 39][85 78 55][101  93  67][108 100  74][121 114  86][137 130 102][155 145 118][166 156 129][184 183 163][209 208 188][238 236 219][254 252 235][255 255 239][255 255 238][251 245 228][239 233 216][207 200 177][184 177 154][160 152 126][138 130 104][120 110  83][109  99  72][100  88  61][84 72 45][71 58 40][64 51 33][53 42 26][45 34 18][34 26 14][27 19  7][16 11  3][11  6  0][4 0 0][4 0 0]
27: [7 3 0][10  6  2][19 15  5][30 26 16][42 38 21][49 45 28][70 63 40][77 70 47][89 81 55][102  94  68][114 107  79][122 115  87][134 124  97][148 138 111][150 149 129][176 175 155][205 203 186][222 220 203][230 226 209][225 221 204][213 207 190][199 193 176][182 175 152][157 150 127][140 132 106][128 120  94][112 102  75][99 89 62][90 78 51][76 64 37][63 50 32][57 44 26][46 35 19][38 27 11][28 20  8][22 14  2][14  9  1][10  5  0][4 0 0][4 0 0]
28: [7 4 0][10  7  1][18 14  2][28 24 12][39 35 18][46 42 25][63 56 33][73 66 43][85 77 51][92 84 58][102  94  68][111 103  77][121 110  85][128 117  92][133 128 100][150 145 117][172 164 138][184 176 150][189 180 157][188 179 156][182 170 148][173 161 139][155 144 119][139 128 103][130 120  93][120 110  83][101  90  65][87 76 51][82 69 44][71 58 33][53 42 26][47 36 20][36 26 12][29 19  5][20 14  4][17 11  1][8 5 0][6 3 0][2 0 0][2 0 0]
29: [7 4 0][9 6 0][17 13  1][25 21  9][37 33 16][42 38 21][57 50 27][65 58 35][75 67 41][83 75 49][92 84 58][99 91 65][106  95  70][113 102  77][120 115  87][129 124  96][140 132 106][146 138 112][150 141 118][150 141 118][147 135 113][140 128 106][131 120  95][121 110  85][114 104  77][105  95  68][90 79 54][81 70 45][73 60 35][61 48 23][45 34 18][39 28 12][29 19  5][23 13  0][16 10  0][12  6  0][6 3 0][4 1 0][2 0 0][2 0 0]
30: [7 5 0][9 7 0][17 13  1][24 20  8][34 31 11][40 37 17][51 44 23][58 51 30][68 59 36][75 66 43][82 73 50][85 76 53][91 79 57][98 86 64][106  96  64][111 101  69][118 105  75][123 110  80][128 113  88][131 116  91][128 113  88][123 108  83][114  99  74][110  95  70][105  92  67][98 85 60][82 68 46][69 55 33][61 47 27][56 42 22][37 28 12][31 22  6][21 14  0][15  8  0][9 5 0][8 4 0][4 1 0][2 0 0][2 0 0][2 0 0]
31: [6 4 0][9 7 0][16 12  0][23 19  7][33 30 10][38 35 15][45 38 17][55 48 27][65 56 33][69 60 37][74 65 42][78 69 46][83 71 49][89 77 55][94 84 52][97 87 55][101  88  58][105  92  62][110  95  70][115 100  75][114  99  74][110  95  70][102  87  62][103  88  63][98 85 60][87 74 49][75 61 39][65 51 29][56 42 22][48 34 14][34 25  9][28 19  3][19 12  0][13  6  0][7 3 0][6 2 0][2 0 0][1 0 0][2 0 0][2 0 0]
32: [0 1 0][1 2 0][7 5 1][12 10  6][17 16 10][19 18 12][34 33 22][35 34 23][39 35 23][43 39 27][49 44 29][54 49 34][59 54 39][60 55 40][78 69 46][79 70 47][81 72 49][85 76 53][87 78 55][88 79 56][89 80 57][89 80 57][85 76 53][81 72 49][78 69 46][74 65 42][69 60 37][61 52 29][50 41 18][40 31  8][9 9 9][8 8 8][4 4 4][1 1 1][0 0 0][0 0 0][0 0 0][1 1 1][0 0 0][0 0 0]
33: [0 1 0][1 2 0][6 4 0][10  8  4][14 13  7][17 16 10][28 27 16][29 28 17][33 29 17][36 32 20][42 37 22][47 42 27][51 46 31][53 48 33][67 58 35][68 59 36][71 62 39][73 64 41][75 66 43][76 67 44][78 69 46][78 69 46][76 67 44][72 63 40][68 59 36][67 58 35][67 58 35][61 52 29][50 41 18][40 31  8][8 8 8][6 6 6][4 4 4][1 1 1][0 0 0][0 0 0][0 0 0][1 1 1][0 0 0][0 0 0]
34: [0 0 0][1 1 0][4 2 0][7 5 1][11 10  4][12 11  5][20 18  9][21 19 10][25 21 11][28 24 14][31 27 15][36 32 20][41 35 23][42 36 24][51 43 24][52 44 25][55 47 28][57 49 30][59 51 32][60 52 33][62 54 35][62 54 35][65 57 38][62 54 35][58 50 31][59 51 32][60 52 33][56 48 29][46 38 19][37 29 10][6 6 6][5 5 5][3 3 3][1 1 1][0 0 0][0 0 0][0 0 0][1 1 1][0 0 0][0 0 0]
35: [0 0 0][0 0 0][3 1 0][5 3 0][6 5 0][7 6 0][14 12  3][14 12  3][17 13  3][19 15  5][23 19  7][26 22 10][31 25 13][33 27 15][42 34 15][43 35 16][44 36 17][46 38 19][49 41 22][49 41 22][50 42 23][50 42 23][53 45 26][50 42 23][48 40 21][48 40 21][48 40 21][44 36 17][36 28  9][29 21  2][4 4 4][3 3 3][2 2 2][1 1 1][0 0 0][0 0 0][0 0 0][0 0 0][0 0 0][0 0 0]
36: [0 0 0][0 0 0][2 0 0][3 0 0][4 2 0][4 2 0][8 4 0][8 4 0][9 6 0][10  7  1][15 10  2][17 12  4][19 14  6][22 17  9][32 25 10][33 26 11][34 27 12][36 29 14][37 30 15][37 30 15][37 30 15][37 30 15][41 34 19][40 33 18][40 33 18][39 32 17][36 29 14][32 25 10][27 20  5][23 16  1][2 2 2][2 2 2][1 1 1][0 0 0][0 0 0][0 0 0][0 0 0][0 0 0][0 0 0][0 0 0]
37: [0 0 0][0 0 0][2 0 0][2 0 0][3 1 0][3 1 0][4 0 0][4 0 0][4 1 0][5 2 0][8 3 0][10  5  0][12  7  0][14  9  1][23 16  1][25 18  3][26 19  4][27 20  5][28 21  6][28 21  6][28 21  6][27 20  5][26 19  4][27 20  5][29 22  7][28 21  6][25 18  3][21 14  0][19 12  0][18 11  0][1 1 1][0 0 0][0 0 0][0 0 0][0 0 0][0 0 0][0 0 0][0 0 0][0 0 0][0 0 0]
38: [1 1 1][1 1 1][3 0 1][2 0 0][2 0 0][2 0 0][0 0 0][0 0 0][2 0 0][2 0 0][4 0 0][5 1 0][7 3 0][8 4 0][12  7  0][14  9  1][15 10  2][16 11  3][16 11  3][16 11  3][16 11  3][16 11  3][15 10  2][16 11  3][17 12  4][17 12  4][16 11  3][12  7  0][11  6  0][10  5  0][0 0 0][0 0 0][0 0 0][0 0 0][0 0 0][0 0 0][0 0 0][0 0 0][0 0 0][0 0 0]
39: [1 1 1][1 1 1][3 0 1][3 0 1][2 0 0][2 0 0][2 0 0][2 0 0][4 0 0][4 0 0][5 1 0][6 2 0][7 3 0][8 4 0][10  5  0][10  5  0][11  6  0][12  7  0][12  7  0][12  7  0][12  7  0][11  6  0][11  6  0][11  6  0][12  7  0][12  7  0][11  6  0][9 4 0][7 2 0][4 0 0][0 0 0][0 0 0][0 0 0][0 0 0][0 0 0][0 0 0][0 0 0][0 0 0][0 0 0][0 0 0]
40: [0 0 1][0 0 1][0 0 0][0 0 0][2 0 0][2 0 0][2 0 0][2 0 0][2 0 0][2 0 0][2 0 0][2 0 0][2 0 0][2 0 0][2 0 0][2 0 0][2 0 0][2 0 0][2 0 0][2 0 0][2 0 0][2 0 0][2 0 0][2 0 0][2 0 0][2 0 0][2 0 0][2 0 0][2 0 0][2 0 0][0 0 0][0 0 0][0 0 0][0 0 0][0 0 0][0 0 0][0 0 0][0 0 0][0 0 0][0 0 0]
41: [0 0 1][0 0 1][0 0 0][0 0 0][2 0 0][2 0 0][2 0 0][2 0 0][2 0 0][2 0 0][2 0 0][2 0 0][2 0 0][2 0 0][2 0 0][2 0 0][2 0 0][2 0 0][2 0 0][2 0 0][2 0 0][2 0 0][2 0 0][2 0 0][2 0 0][2 0 0][2 0 0][2 0 0][2 0 0][2 0 0][0 0 0][0 0 0][0 0 0][0 0 0][0 0 0][0 0 0][0 0 0][0 0 0][0 0 0][0 0 0]
42: [0 0 0][0 0 0][0 0 0][0 0 0][0 0 1][0 0 1][2 0 1][2 0 1][2 0 1][2 0 1][2 0 1][2 0 1][2 0 1][2 0 1][2 0 0][2 0 0][2 0 0][2 0 0][2 0 0][2 0 0][2 0 0][2 0 0][2 0 0][2 0 0][2 0 0][2 0 0][2 0 0][2 0 0][2 0 0][2 0 0][0 0 0][0 0 0][0 0 0][0 0 0][0 0 0][0 0 0][0 0 0][0 0 0][0 0 0][0 0 0]
43: [0 0 0][0 0 0][0 0 0][0 0 0][0 0 1][0 0 1][2 0 1][2 0 1][2 0 1][2 0 1][2 0 1][2 0 1][2 0 1][2 0 1][2 0 0][2 0 0][2 0 0][2 0 0][2 0 0][2 0 0][2 0 0][2 0 0][2 0 0][2 0 0][2 0 0][2 0 0][2 0 0][2 0 0][2 0 0][2 0 0][0 0 0][0 0 0][0 0 0][0 0 0][0 0 0][0 0 0][0 0 0][0 0 0][0 0 0][0 0 0]
44: [0 0 0][0 0 0][0 0 0][0 0 0][0 0 0][0 0 0][0 0 1][0 0 1][0 0 1][0 0 1][0 0 1][0 0 1][0 0 3][0 0 3][0 0 0][0 0 0][0 0 0][0 0 0][0 0 0][0 0 0][0 0 0][0 0 0][0 0 0][0 0 0][0 0 0][0 0 0][0 0 0][0 0 0][0 0 0][0 0 0][0 0 0][0 0 0][0 0 0][0 0 0][0 0 0][0 0 0][0 0 0][0 0 0][0 0 0][0 0 0]
